Pomerance triple search

p = 1000000000000000000000000103  (28 digits)
seed_offset = 129  max_trials_override = 50000
curve_mode = X1(16) nonsplit + label-2 depth-6 quotient-line character stats
P26 label2 depth-5 -> depth-6 obstruction stats
p = 1000000000000000000000000103
k = 45
target_depth = 6
source_pairs = 50000
depth6_success = 24902  rate = 0.498040000
elapsed_seconds = 4.057310  source_pair_rate_Mps = 0.012323
class source_pairs d5_survive d5_rate d6_survive d6_rate
d_nonsquare 25098 25098 1.000000000 0 0.000000000
w_none 0 0 0.000000000 0 0.000000000
plus_only 12468 12468 1.000000000 12468 1.000000000
minus_only 12434 12434 1.000000000 12434 1.000000000
both 0 0 0.000000000 0 0.000000000
den_class source_pairs depth6_success depth6_rate d5_survive d5_rate d6_survive d6_rate
chi=-1 0 0 0.000000000 0 0.000000000 0 0.000000000
chi=0 0 0 0.000000000 0 0.000000000 0 0.000000000
chi=+1 50000 24902 0.498040000 50000 1.000000000 24902 0.498040000
unknown 0 0 0.000000000 0 0.000000000 0 0.000000000
cover_factor class source_pairs depth6_success depth6_rate d5_survive d5_rate d6_survive d6_rate
X2_plus_1 chi=-1 24820 12264 0.494117647 24820 1.000000000 12264 0.494117647
X2_plus_1 chi=0 0 0 0.000000000 0 0.000000000 0 0.000000000
X2_plus_1 chi=+1 25180 12638 0.501906275 25180 1.000000000 12638 0.501906275
X2_plus_1 unknown 0 0 0.000000000 0 0.000000000 0 0.000000000
X2_plus_2X_minus_1 chi=-1 25180 12638 0.501906275 25180 1.000000000 12638 0.501906275
X2_plus_2X_minus_1 chi=0 0 0 0.000000000 0 0.000000000 0 0.000000000
X2_plus_2X_minus_1 chi=+1 24820 12264 0.494117647 24820 1.000000000 12264 0.494117647
X2_plus_2X_minus_1 unknown 0 0 0.000000000 0 0.000000000 0 0.000000000
quotient_feature class source_pairs depth6_success depth6_rate d5_survive d5_rate d6_survive d6_rate
U chi=-1 0 0 0.000000000 0 0.000000000 0 0.000000000
U chi=0 0 0 0.000000000 0 0.000000000 0 0.000000000
U chi=+1 50000 24902 0.498040000 50000 1.000000000 24902 0.498040000
U unknown 0 0 0.000000000 0 0.000000000 0 0.000000000
V chi=-1 24674 12316 0.499148902 24674 1.000000000 12316 0.499148902
V chi=0 0 0 0.000000000 0 0.000000000 0 0.000000000
V chi=+1 25326 12586 0.496959646 25326 1.000000000 12586 0.496959646
V unknown 0 0 0.000000000 0 0.000000000 0 0.000000000
U_plus_1 chi=-1 24902 12442 0.499638583 24902 1.000000000 12442 0.499638583
U_plus_1 chi=0 0 0 0.000000000 0 0.000000000 0 0.000000000
U_plus_1 chi=+1 25098 12460 0.496453901 25098 1.000000000 12460 0.496453901
U_plus_1 unknown 0 0 0.000000000 0 0.000000000 0 0.000000000
U_minus_1 chi=-1 25042 12436 0.496605702 25042 1.000000000 12436 0.496605702
U_minus_1 chi=0 0 0 0.000000000 0 0.000000000 0 0.000000000
U_minus_1 chi=+1 24958 12466 0.499479125 24958 1.000000000 12466 0.499479125
U_minus_1 unknown 0 0 0.000000000 0 0.000000000 0 0.000000000
U_plus_2 chi=-1 24820 12264 0.494117647 24820 1.000000000 12264 0.494117647
U_plus_2 chi=0 0 0 0.000000000 0 0.000000000 0 0.000000000
U_plus_2 chi=+1 25180 12638 0.501906275 25180 1.000000000 12638 0.501906275
U_plus_2 unknown 0 0 0.000000000 0 0.000000000 0 0.000000000
U_minus_2 chi=-1 24820 12264 0.494117647 24820 1.000000000 12264 0.494117647
U_minus_2 chi=0 0 0 0.000000000 0 0.000000000 0 0.000000000
U_minus_2 chi=+1 25180 12638 0.501906275 25180 1.000000000 12638 0.501906275
U_minus_2 unknown 0 0 0.000000000 0 0.000000000 0 0.000000000
U2_plus_4 chi=-1 0 0 0.000000000 0 0.000000000 0 0.000000000
U2_plus_4 chi=0 0 0 0.000000000 0 0.000000000 0 0.000000000
U2_plus_4 chi=+1 50000 24902 0.498040000 50000 1.000000000 24902 0.498040000
U2_plus_4 unknown 0 0 0.000000000 0 0.000000000 0 0.000000000
V_plus_U chi=-1 25038 12544 0.500998482 25038 1.000000000 12544 0.500998482
V_plus_U chi=0 0 0 0.000000000 0 0.000000000 0 0.000000000
V_plus_U chi=+1 24962 12358 0.495072510 24962 1.000000000 12358 0.495072510
V_plus_U unknown 0 0 0.000000000 0 0.000000000 0 0.000000000
V_minus_U chi=-1 24894 12552 0.504217884 24894 1.000000000 12552 0.504217884
V_minus_U chi=0 0 0 0.000000000 0 0.000000000 0 0.000000000
V_minus_U chi=+1 25106 12350 0.491914283 25106 1.000000000 12350 0.491914283
V_minus_U unknown 0 0 0.000000000 0 0.000000000 0 0.000000000
V_plus_2U chi=-1 25374 12682 0.499802948 25374 1.000000000 12682 0.499802948
V_plus_2U chi=0 0 0 0.000000000 0 0.000000000 0 0.000000000
V_plus_2U chi=+1 24626 12220 0.496223504 24626 1.000000000 12220 0.496223504
V_plus_2U unknown 0 0 0.000000000 0 0.000000000 0 0.000000000
V_minus_2U chi=-1 25374 12682 0.499802948 25374 1.000000000 12682 0.499802948
V_minus_2U chi=0 0 0 0.000000000 0 0.000000000 0 0.000000000
V_minus_2U chi=+1 24626 12220 0.496223504 24626 1.000000000 12220 0.496223504
V_minus_2U unknown 0 0 0.000000000 0 0.000000000 0 0.000000000
residual_w_feature class source_pairs depth6_success depth6_rate d5_survive d5_rate d6_survive d6_rate
X chi=-1 50000 24902 0.498040000 50000 1.000000000 24902 0.498040000
X chi=0 0 0 0.000000000 0 0.000000000 0 0.000000000
X chi=+1 0 0 0.000000000 0 0.000000000 0 0.000000000
X unknown 0 0 0.000000000 0 0.000000000 0 0.000000000
W_plus_X_Xminus1 chi=-1 25478 12584 0.493916320 25478 1.000000000 12584 0.493916320
W_plus_X_Xminus1 chi=0 0 0 0.000000000 0 0.000000000 0 0.000000000
W_plus_X_Xminus1 chi=+1 24522 12318 0.502324443 24522 1.000000000 12318 0.502324443
W_plus_X_Xminus1 unknown 0 0 0.000000000 0 0.000000000 0 0.000000000
W_minus_X_Xminus1 chi=-1 24998 12450 0.498039843 24998 1.000000000 12450 0.498039843
W_minus_X_Xminus1 chi=0 0 0 0.000000000 0 0.000000000 0 0.000000000
W_minus_X_Xminus1 chi=+1 25002 12452 0.498040157 25002 1.000000000 12452 0.498040157
W_minus_X_Xminus1 unknown 0 0 0.000000000 0 0.000000000 0 0.000000000
W_plus_X_plus_1 chi=-1 24752 12218 0.493616677 24752 1.000000000 12218 0.493616677
W_plus_X_plus_1 chi=0 0 0 0.000000000 0 0.000000000 0 0.000000000
W_plus_X_plus_1 chi=+1 25248 12684 0.502376426 25248 1.000000000 12684 0.502376426
W_plus_X_plus_1 unknown 0 0 0.000000000 0 0.000000000 0 0.000000000
W_minus_X_minus_1 chi=-1 25068 12338 0.492181267 25068 1.000000000 12338 0.492181267
W_minus_X_minus_1 chi=0 0 0 0.000000000 0 0.000000000 0 0.000000000
W_minus_X_minus_1 chi=+1 24932 12564 0.503930691 24932 1.000000000 12564 0.503930691
W_minus_X_minus_1 unknown 0 0 0.000000000 0 0.000000000 0 0.000000000
X2_minus_2X_minus_1 chi=-1 25180 12638 0.501906275 25180 1.000000000 12638 0.501906275
X2_minus_2X_minus_1 chi=0 0 0 0.000000000 0 0.000000000 0 0.000000000
X2_minus_2X_minus_1 chi=+1 24820 12264 0.494117647 24820 1.000000000 12264 0.494117647
X2_minus_2X_minus_1 unknown 0 0 0.000000000 0 0.000000000 0 0.000000000
repaired_residual_twist chi=-1 25012 12524 0.500719655 25012 1.000000000 12524 0.500719655
repaired_residual_twist chi=0 0 0 0.000000000 0 0.000000000 0 0.000000000
repaired_residual_twist chi=+1 24988 12378 0.495357772 24988 1.000000000 12378 0.495357772
repaired_residual_twist unknown 0 0 0.000000000 0 0.000000000 0 0.000000000
h90_orientation_mismatch = 24674
h90_orientation_unknown = 0
h90_orientation class source_pairs depth6_success depth6_rate d5_survive d5_rate d6_survive d6_rate
H90 chi=-1 25056 12316 0.491538953 25056 1.000000000 12316 0.491538953
H90 chi=0 0 0 0.000000000 0 0.000000000 0 0.000000000
H90 chi=+1 24944 12586 0.504570237 24944 1.000000000 12586 0.504570237
H90 unknown 0 0 0.000000000 0 0.000000000 0 0.000000000
residual_group class source_pairs depth6_success depth6_rate d5_survive d5_rate d6_survive d6_rate
E0_mod3 0 16494 8214 0.497999272 16494 1.000000000 8214 0.497999272
E0_mod3 1 16794 8428 0.501845897 16794 1.000000000 8428 0.501845897
E0_mod3 2 16712 8260 0.494255625 16712 1.000000000 8260 0.494255625
quotient_line_bound = 3
quotient_line a b chi_neg_total chi_neg_success chi_neg_rate chi_plus_total chi_plus_success chi_plus_rate lift_abs
V_plus_-3U_plus_-3 -3 -3 25258 12564 0.497426558 24742 12338 0.498666236 0.001239678
V_plus_-3U_plus_-2 -3 -2 24814 12358 0.498025308 25186 12544 0.498054475 0.000029166
V_plus_-3U_plus_-1 -3 -1 24778 12360 0.498829607 25222 12542 0.497264293 0.001565314
V_plus_-3U_plus_0 -3 0 25198 12562 0.498531629 24802 12340 0.497540521 0.000991109
V_plus_-3U_plus_1 -3 1 25164 12518 0.497456684 24836 12384 0.498631019 0.001174335
V_plus_-3U_plus_2 -3 2 24808 12240 0.493389229 25192 12662 0.502619879 0.009230650
V_plus_-3U_plus_3 -3 3 24816 12378 0.498791103 25184 12524 0.497299873 0.001491230
V_plus_-2U_plus_-3 -2 -3 25220 12656 0.501823949 24780 12246 0.494188862 0.007635087
V_plus_-2U_plus_-2 -2 -2 25114 12588 0.501234371 24886 12314 0.494816363 0.006418009
V_plus_-2U_plus_-1 -2 -1 24930 12370 0.496189330 25070 12532 0.499880335 0.003691005
V_plus_-2U_plus_0 -2 0 25374 12682 0.499802948 24626 12220 0.496223504 0.003579444
V_plus_-2U_plus_1 -2 1 24784 12556 0.506617172 25216 12346 0.489609772 0.017007401
V_plus_-2U_plus_2 -2 2 24784 12446 0.502178825 25216 12456 0.493972081 0.008206744
V_plus_-2U_plus_3 -2 3 25058 12572 0.501716019 24942 12330 0.494346885 0.007369134
V_plus_-1U_plus_-3 -1 -3 25140 12446 0.495067621 24860 12456 0.501045857 0.005978235
V_plus_-1U_plus_-2 -1 -2 25002 12460 0.498360131 24998 12442 0.497719818 0.000640314
V_plus_-1U_plus_-1 -1 -1 25016 12418 0.496402303 24984 12484 0.499679795 0.003277493
V_plus_-1U_plus_0 -1 0 24894 12552 0.504217884 25106 12350 0.491914283 0.012303600
V_plus_-1U_plus_1 -1 1 24858 12234 0.492155443 25142 12668 0.503858086 0.011702643
V_plus_-1U_plus_2 -1 2 24874 12410 0.498914529 25126 12492 0.497174242 0.001740287
V_plus_-1U_plus_3 -1 3 24954 12410 0.497315060 25046 12492 0.498762277 0.001447218
V_plus_0U_plus_-3 0 -3 24852 12288 0.494447127 25148 12614 0.501590584 0.007143457
V_plus_0U_plus_-2 0 -2 24984 12390 0.495917387 25016 12512 0.500159898 0.004242511
V_plus_0U_plus_-1 0 -1 25042 12446 0.497005032 24958 12456 0.499078452 0.002073420
V_plus_0U_plus_0 0 0 24674 12316 0.499148902 25326 12586 0.496959646 0.002189255
V_plus_0U_plus_1 0 1 24934 12426 0.498355659 25066 12476 0.497726003 0.000629656
V_plus_0U_plus_2 0 2 24946 12436 0.498516796 25054 12466 0.497565259 0.000951537
V_plus_0U_plus_3 0 3 24688 12424 0.503240441 25312 12478 0.492967762 0.010272678
V_plus_1U_plus_-3 1 -3 24834 12442 0.501006684 25166 12460 0.495112453 0.005894231
V_plus_1U_plus_-2 1 -2 24630 12230 0.496548924 25370 12672 0.499487584 0.002938660
V_plus_1U_plus_-1 1 -1 24944 12406 0.497354073 25056 12496 0.498722861 0.001368788
V_plus_1U_plus_0 1 0 25038 12544 0.500998482 24962 12358 0.495072510 0.005925972
V_plus_1U_plus_1 1 1 24994 12530 0.501320317 25006 12372 0.494761257 0.006559060
V_plus_1U_plus_2 1 2 25014 12462 0.498201007 24986 12440 0.497878812 0.000322195
V_plus_1U_plus_3 1 3 24974 12434 0.497877793 25026 12468 0.498201870 0.000324077
V_plus_2U_plus_-3 2 -3 25174 12458 0.494875665 24826 12444 0.501248691 0.006373026
V_plus_2U_plus_-2 2 -2 24814 12332 0.496977513 25186 12570 0.499086794 0.002109282
V_plus_2U_plus_-1 2 -1 24778 12318 0.497134555 25222 12584 0.498929506 0.001794951
V_plus_2U_plus_0 2 0 25374 12682 0.499802948 24626 12220 0.496223504 0.003579444
V_plus_2U_plus_1 2 1 25158 12656 0.503060657 24842 12246 0.492955479 0.010105178
V_plus_2U_plus_2 2 2 24836 12488 0.502818489 25164 12414 0.493323796 0.009494693
V_plus_2U_plus_3 2 3 25018 12394 0.495403310 24982 12508 0.500680490 0.005277180
V_plus_3U_plus_-3 3 -3 24758 12192 0.492446886 25242 12710 0.503525870 0.011078984
V_plus_3U_plus_-2 3 -2 25206 12576 0.498928826 24794 12326 0.497136404 0.001792423
V_plus_3U_plus_-1 3 -1 25066 12486 0.498124950 24934 12416 0.497954600 0.000170350
V_plus_3U_plus_0 3 0 24928 12350 0.495426829 25072 12552 0.500638162 0.005211333
V_plus_3U_plus_1 3 1 24922 12238 0.491052082 25078 12664 0.504984449 0.013932366
V_plus_3U_plus_2 3 2 24922 12380 0.496749860 25078 12522 0.499322115 0.002572255
V_plus_3U_plus_3 3 3 24882 12294 0.494092115 25118 12608 0.501950792 0.007858677
p26_label2_depth6_stats_rows=1/1
